1000 0.011972
6000 0.010375
11000 0.023337
16000 0.029477
21000 0.036212
26000 0.035387
31000 0.046378
36000 0.097681
41000 0.076921
46000 0.208242
51000 0.072492
56000 0.168516
61000 0.084664
66000 0.107796
71000 0.115441
76000 0.133062
81000 0.125471
86000 0.178824
91000 0.129607
96000 0.124617
101000 0.131312
106000 0.148957
111000 0.134026
116000 0.239569
121000 0.169050
126000 0.185525
131000 0.187179
136000 0.176185
141000 0.184414
146000 0.202506
151000 0.190579
156000 0.214011
161000 0.180444
166000 0.235146
171000 0.239461
176000 0.218725
181000 0.256045
186000 0.277308
191000 0.348479
196000 0.261473
201000 0.269697
206000 0.245427
211000 0.232785
216000 0.345650
221000 0.358717
226000 0.387345
231000 0.263674
236000 0.273515
241000 0.474086
246000 0.293870
251000 0.366169
256000 0.283941
261000 0.378684
266000 0.362754
271000 0.366179
276000 0.537176
281000 0.597977
286000 0.352489
291000 0.374772
296000 0.439242
301000 0.356449
306000 0.614363
311000 0.386298
316000 0.383852
321000 0.372286
326000 0.439067
331000 0.510579
336000 0.452059
341000 0.433408
346000 0.438810
351000 0.375387
356000 0.433520
361000 0.404734
366000 0.462424
371000 0.606347
376000 0.440776
381000 0.530385
386000 0.593866
391000 0.521203
396000 0.447598
401000 0.505060
406000 0.469285
411000 0.517651
416000 0.477566
421000 0.493500
426000 0.583433
431000 0.545321
436000 0.460683
441000 0.492690
446000 0.532950
451000 0.617030
456000 0.579191
461000 0.691350
466000 0.644028
471000 0.636774
476000 0.562704
481000 0.568225
486000 0.618430
491000 0.594983
496000 0.699971
501000 0.643813
506000 0.532692
511000 0.554084
516000 0.502346
521000 0.636749
526000 0.626427
531000 0.866837
536000 0.796689
541000 0.660469
546000 0.585116
551000 0.615185
556000 0.586629
561000 0.583465
566000 0.767385
571000 0.784397
576000 0.535444
581000 0.573973
586000 0.548798
591000 0.610770
596000 1.346818
601000 0.851607
606000 0.809026
611000 2.104720
616000 1.060346
621000 0.865533
626000 1.566646
631000 1.228249
636000 0.906460
641000 0.765734
646000 0.664249
651000 0.536247
656000 0.764971
661000 0.683740
666000 0.595411
671000 0.607486
676000 0.671272
681000 1.253469
686000 1.148820
691000 0.700438
696000 1.342876
701000 0.599813
706000 1.053604
711000 1.209611
716000 1.008952
721000 1.003640
726000 0.931841
731000 0.776803
736000 1.348877
741000 0.935509
746000 0.934544
751000 0.723882
756000 0.773988
761000 0.799104
766000 0.829795
771000 1.003936
776000 1.212897
781000 0.920244
786000 0.976659
791000 0.746200
796000 0.900741
801000 1.120051
806000 1.251526
811000 1.826055
816000 1.104070
821000 0.876496
826000 1.042631
831000 1.307351
836000 0.996572
841000 1.299206
846000 1.054664
851000 1.146188
856000 0.821859
861000 0.921580
866000 0.873960
871000 0.924298
876000 0.962428
881000 0.957220
886000 1.627313
891000 2.027499
896000 1.185083
901000 0.967485
906000 0.822628
911000 0.963319
916000 1.115694
921000 0.950316
926000 0.860698
931000 1.148251
936000 1.059634
941000 1.103596
946000 1.628325
951000 1.064032
956000 1.002703
961000 1.354787
966000 0.952330
971000 1.233680
976000 1.095215
981000 1.286927
986000 1.547902
991000 1.320212
996000 1.431150
