1000 0.025372
6000 0.012902
11000 0.044956
16000 0.019270
21000 0.033010
26000 0.043247
31000 0.035747
36000 0.037157
41000 0.057301
46000 0.046621
51000 0.047842
56000 0.066118
61000 0.058828
66000 0.061381
71000 0.124660
76000 0.086491
81000 0.132206
86000 0.093979
91000 0.283574
96000 0.125675
101000 0.106371
106000 0.138053
111000 0.140277
116000 0.127457
121000 0.124449
126000 0.123997
131000 0.125846
136000 0.160178
141000 0.168933
146000 0.157588
151000 0.173817
156000 0.175455
161000 0.236434
166000 0.610527
171000 0.375973
176000 0.234865
181000 0.231754
186000 0.193550
191000 0.313055
196000 0.194634
201000 0.202798
206000 0.210690
211000 0.282125
216000 0.235179
221000 0.226443
226000 0.227296
231000 0.363023
236000 0.267868
241000 0.221029
246000 0.252234
251000 0.289540
256000 0.271572
261000 0.234187
266000 0.281826
271000 0.260743
276000 0.264112
281000 0.342200
286000 0.314891
291000 0.316168
296000 0.387390
301000 0.284637
306000 0.284698
311000 0.343386
316000 0.288389
321000 0.289504
326000 0.304284
331000 0.329024
336000 0.436660
341000 0.335175
346000 0.360980
351000 0.339168
356000 0.333444
361000 0.436187
366000 0.357995
371000 0.353435
376000 0.494217
381000 0.440935
386000 0.359603
391000 0.451961
396000 0.372161
401000 0.430484
406000 0.426543
411000 0.479669
416000 0.403676
421000 0.392072
426000 0.442713
431000 0.406972
436000 0.435654
441000 0.422903
446000 0.489488
451000 0.396477
456000 0.413846
461000 0.678177
466000 0.564231
471000 0.456613
476000 0.661124
481000 0.489940
486000 0.957224
491000 0.855326
496000 0.826475
501000 0.601357
506000 0.587829
511000 0.666013
516000 0.586676
521000 0.730490
526000 0.521522
531000 0.690486
536000 0.759621
541000 1.119667
546000 0.529765
551000 0.641817
556000 0.740109
561000 0.858201
566000 0.488568
571000 0.528655
576000 0.627125
581000 0.593557
586000 0.505142
591000 0.628324
596000 0.651035
601000 0.709069
606000 0.632909
611000 0.903816
616000 0.613685
621000 0.585426
626000 0.728404
631000 0.747068
636000 0.871147
641000 0.836801
646000 0.847249
651000 0.800199
656000 0.855839
661000 0.718121
666000 0.808977
671000 0.658929
676000 1.052932
681000 0.724991
686000 0.672352
691000 0.743321
696000 0.741446
701000 0.746961
706000 0.717354
711000 0.776659
716000 1.295896
721000 0.694204
726000 0.830019
731000 1.228511
736000 0.771286
741000 0.770731
746000 0.731678
751000 0.751983
756000 0.876670
761000 0.908889
766000 1.049839
771000 1.208806
776000 0.846447
781000 1.406294
786000 0.777839
791000 0.740715
796000 0.810342
801000 0.801716
806000 0.698147
811000 0.790775
816000 0.870751
821000 0.819467
826000 1.027565
831000 0.769957
836000 1.447264
841000 1.442957
846000 1.067648
851000 0.986241
856000 1.397449
861000 0.956198
866000 0.929786
871000 0.958057
876000 1.065393
881000 1.177874
886000 1.132827
891000 1.006638
896000 1.245336
901000 1.127239
906000 0.912399
911000 1.390147
916000 1.119555
921000 0.863111
926000 1.108588
931000 0.879397
936000 0.864352
941000 0.921370
946000 0.898535
951000 0.858921
956000 0.929260
961000 0.877107
966000 0.875219
971000 0.862574
976000 0.866110
981000 0.838745
986000 0.840561
991000 0.876532
996000 0.873791
