2 0.000035
102 0.000238
202 0.045600
302 0.000720
402 0.002518
502 0.000857
602 0.005631
702 0.001510
802 0.001404
902 0.005775
1002 0.003423
1102 0.002166
1202 0.002220
1302 0.002358
1402 0.004342
1502 0.002527
1602 0.003200
1702 0.003206
1802 0.005115
1902 0.071991
2002 0.003265
2102 0.004118
2202 0.003659
2302 0.004088
2402 0.004087
2502 0.006954
2602 0.006381
2702 0.004261
2802 0.005023
2902 0.008006
3002 0.004642
3102 0.005186
3202 0.006763
3302 0.007769
3402 0.010773
3502 0.015992
3602 0.010808
3702 0.007018
3802 0.008806
3902 0.009695
4002 0.006871
4102 0.009818
4202 0.009750
4302 0.007777
4402 0.038072
4502 0.011164
4602 0.009848
4702 0.010859
4802 0.009728
4902 0.063198
5002 0.011747
5102 0.008399
5202 0.009794
5302 0.011201
5402 0.011003
5502 0.010869
5602 0.086782
5702 0.010564
5802 0.013422
5902 0.014144
6002 0.010277
6102 0.011126
6202 0.016602
6302 0.014196
6402 0.011405
6502 0.016229
6602 0.013848
6702 0.012355
6802 0.063217
6902 0.016282
7002 0.036738
7102 0.016529
7202 0.062492
7302 0.016499
7402 0.021932
7502 0.018011
7602 0.013607
7702 0.012918
7802 0.013231
7902 0.019232
8002 0.014710
8102 0.015613
8202 0.019049
8302 0.016242
8402 0.018805
8502 0.030168
8602 0.014472
8702 0.019098
8802 0.024627
8902 0.032911
9002 0.032420
9102 0.018227
9202 0.017441
9302 0.022035
9402 0.016577
9502 0.019893
9602 0.298437
9702 0.036100
9802 0.023303
9902 0.027129
10002 0.024966
10102 0.025657
10202 0.035134
10302 0.030605
10402 0.114320
10502 0.076306
10602 0.018329
10702 0.020975
10802 0.029568
10902 0.035447
11002 0.028654
11102 0.020887
11202 0.030536
11302 0.028978
11402 0.023805
11502 0.024532
11602 0.026543
11702 0.036026
11802 0.030911
11902 0.027714
12002 0.035708
12102 0.362862
12202 0.037729
12302 0.033074
12402 0.042806
12502 0.142757
12602 0.035513
12702 0.031822
12802 0.035926
12902 0.030914
13002 0.042310
13102 0.031542
13202 0.077503
13302 0.028220
13402 0.026510
13502 0.029842
13602 0.026643
13702 0.026404
13802 0.025814
13902 0.067326
14002 0.026253
14102 0.028203
14202 0.032057
14302 0.055693
14402 0.029430
14502 0.032082
14602 0.036159
14702 0.047232
14802 0.033971
14902 0.037986
15002 0.045589
15102 0.037963
15202 0.038436
15302 0.034697
15402 0.033614
15502 0.028403
15602 0.035349
15702 0.638465
15802 0.181404
15902 0.039450
16002 0.067379
16102 0.036360
16202 0.036920
16302 0.031433
16402 0.039631
16502 0.034858
16602 0.037760
16702 0.037002
16802 0.031457
16902 0.031635
17002 0.029396
17102 0.045828
17202 0.039719
17302 0.038186
17402 0.089675
17502 0.031263
17602 0.054142
17702 0.056414
17802 0.053731
17902 0.045945
18002 0.043370
18102 0.038056
18202 0.045440
18302 0.038311
18402 0.047635
18502 0.032709
18602 0.057369
18702 0.032645
18802 0.053819
18902 0.035490
19002 0.035927
19102 0.050836
19202 0.043471
19302 0.041017
19402 0.039422
19502 0.048408
19602 0.104111
19702 0.043778
19802 0.037580
19902 0.055866
20002 0.060552
20102 0.049490
20202 0.045214
20302 0.044843
20402 0.053385
20502 0.122402
20602 0.043365
20702 0.043970
20802 0.042837
20902 0.049287
21002 0.056169
21102 0.056608
21202 0.051052
21302 0.049460
21402 0.043806
21502 0.049394
21602 0.194427
21702 0.051334
21802 0.209339
21902 0.048369
22002 0.058046
22102 0.042512
22202 0.051690
22302 0.047553
22402 0.064735
22502 0.041582
22602 0.040586
22702 0.043752
22802 0.043706
22902 0.050529
23002 0.039632
23102 0.056108
23202 0.066553
23302 0.052845
23402 0.054336
23502 0.048688
23602 0.054507
23702 0.048160
23802 0.055274
23902 0.063654
24002 0.057604
24102 0.048081
24202 0.082689
24302 0.068640
24402 0.067563
24502 0.065405
24602 0.059559
24702 0.048077
24802 0.405882
24902 0.060353
25002 0.056883
25102 0.047757
25202 0.050213
25302 0.052100
25402 0.055595
25502 0.292187
25602 0.052737
25702 0.081421
25802 0.049215
25902 0.070235
26002 0.063236
26102 0.054714
26202 0.073094
26302 0.063406
26402 0.081362
26502 0.076027
26602 0.052717
26702 0.063922
26802 0.056912
26902 0.072937
27002 0.064043
27102 0.208899
27202 0.055283
27302 0.057253
27402 0.061128
27502 0.061455
27602 0.064399
27702 0.050418
27802 0.080267
27902 0.070210
28002 0.070641
28102 0.051912
28202 0.102996
28302 0.062249
28402 0.057754
28502 0.109664
28602 0.079853
28702 0.066762
28802 0.058328
28902 0.057557
29002 0.061605
29102 0.093633
29202 0.060835
29302 0.101080
29402 0.066275
29502 0.061519
29602 0.063498
29702 0.068404
29802 0.071101
29902 0.067715
30002 0.075790
30102 0.056214
30202 0.063553
30302 0.080545
30402 0.065732
30502 0.100275
30602 0.069283
30702 0.065491
30802 0.057289
30902 0.348226
31002 0.060930
31102 0.062126
31202 0.074752
31302 0.070871
31402 0.067202
31502 0.066522
31602 0.067377
31702 0.079520
31802 0.073240
31902 0.068882
32002 0.075636
32102 0.105606
32202 0.080216
32302 0.073322
32402 0.063578
32502 0.095327
32602 0.220560
32702 0.070015
32802 0.084936
32902 0.074934
33002 0.066648
33102 0.068883
33202 0.091298
33302 0.083685
33402 0.118815
33502 0.079242
33602 0.072238
33702 0.059173
33802 0.083562
33902 0.075075
34002 0.066310
34102 0.080364
34202 0.082978
34302 0.081589
34402 0.096786
34502 0.075651
34602 0.066633
34702 0.074412
34802 0.069198
34902 0.086176
35002 0.082110
35102 0.093423
35202 0.079639
35302 0.107680
35402 0.066640
35502 0.264677
35602 0.076336
35702 0.086559
35802 0.076784
35902 0.081704
36002 0.086182
36102 0.083040
36202 0.092352
36302 0.064661
36402 0.071289
36502 0.075724
36602 0.099316
36702 0.065852
36802 0.074722
36902 0.078056
37002 0.112798
37102 0.123613
37202 0.099940
37302 0.090460
37402 0.087256
37502 0.069605
37602 0.084696
37702 0.080304
37802 0.095949
37902 0.073724
38002 0.071702
38102 0.092209
38202 0.097675
38302 0.082394
38402 0.223566
38502 0.086831
38602 0.081329
38702 0.074457
38802 0.072494
38902 0.112091
39002 0.079534
39102 0.110454
39202 0.096065
39302 0.074504
39402 0.078916
39502 0.087365
39602 0.093495
39702 0.121649
39802 0.076860
39902 0.156485
40002 0.095381
40102 0.091479
40202 0.082198
40302 0.095534
40402 0.103640
40502 0.138218
40602 0.094695
40702 0.093505
40802 0.104158
40902 0.088681
41002 0.082266
41102 0.091256
41202 0.080707
41302 0.082942
41402 0.109107
41502 0.087380
41602 0.075068
41702 0.087602
41802 0.738139
41902 0.080849
42002 0.100860
42102 0.085139
42202 0.096707
42302 0.141925
42402 0.093762
42502 0.088495
42602 0.621590
42702 0.074891
42802 0.080486
42902 0.112877
43002 0.093978
43102 0.109054
43202 0.092325
43302 0.106768
43402 0.092391
43502 0.107716
43602 0.097015
43702 0.108063
43802 0.126412
43902 0.100562
44002 0.081796
44102 0.105779
44202 0.111859
44302 0.107049
44402 0.099623
44502 0.093362
44602 0.146740
44702 0.103053
44802 0.111798
44902 0.122998
45002 0.094848
45102 0.144787
45202 0.085634
45302 0.081518
45402 0.091141
45502 0.083026
45602 0.110964
45702 0.107516
45802 0.088859
45902 0.122407
46002 0.159341
46102 0.104473
46202 0.106006
46302 0.096823
46402 0.198907
46502 0.125937
46602 0.105111
46702 0.152493
46802 0.093691
46902 0.102489
47002 0.117438
47102 0.115003
47202 0.111023
47302 0.085600
47402 0.090378
47502 0.086856
47602 0.102278
47702 0.099387
47802 0.095990
47902 0.088470
48002 0.135881
48102 0.090842
48202 0.101158
48302 0.097732
48402 0.089071
48502 0.109463
48602 0.300373
48702 0.120286
48802 0.176295
48902 0.149614
49002 0.092998
49102 0.100087
49202 0.087319
49302 0.099472
49402 0.134196
49502 0.106161
49602 0.094537
49702 0.098725
49802 0.120919
49902 0.125051
50002 0.160634
50102 0.106535
50202 0.100377
50302 0.118925
50402 0.093053
50502 0.138469
50602 0.108961
50702 0.094521
50802 0.116033
50902 0.098281
51002 0.127689
51102 0.118700
51202 0.305988
51302 0.113056
51402 0.099705
51502 0.121469
51602 0.105091
51702 0.177430
51802 0.150407
51902 0.106114
52002 0.130055
52102 0.102899
52202 0.096069
52302 0.100172
52402 0.125227
52502 0.116305
52602 0.126439
52702 0.098970
52802 0.110349
52902 0.111452
53002 0.111835
53102 0.144009
53202 0.106160
53302 0.138397
53402 0.110843
53502 0.095901
53602 0.120376
53702 0.195048
53802 0.145573
53902 0.095722
54002 0.118918
54102 0.140535
54202 0.119718
54302 0.133592
54402 0.110621
54502 0.129367
54602 0.116486
54702 0.113367
54802 0.106547
54902 0.110867
55002 0.119530
55102 0.115177
55202 0.131268
55302 0.149851
55402 0.117809
55502 0.156875
55602 0.104028
55702 0.118372
55802 0.119665
55902 0.101478
56002 0.123779
56102 0.135211
56202 0.136408
56302 0.114310
56402 0.130896
56502 0.141567
56602 0.104772
56702 0.116080
56802 0.141091
56902 0.122009
57002 0.122288
57102 0.126242
57202 0.130148
57302 0.113263
57402 0.130290
57502 0.250628
57602 0.123925
57702 0.143989
57802 0.112448
57902 0.136229
58002 0.103725
58102 0.105998
58202 0.103746
58302 0.138659
58402 0.144878
58502 0.149432
58602 0.143457
58702 0.167610
58802 0.114016
58902 0.116952
59002 0.131383
59102 0.130407
59202 0.109774
59302 0.235144
59402 0.108110
59502 0.106244
59602 0.116863
59702 0.125924
59802 0.224847
59902 0.140588
60002 0.142947
60102 0.152026
60202 0.114394
60302 0.127483
60402 0.133646
60502 0.125421
60602 0.137030
60702 0.123819
60802 0.135195
60902 0.128096
61002 0.255270
61102 0.128939
61202 0.140434
61302 0.139044
61402 0.126543
61502 0.152405
61602 0.111248
61702 0.125915
61802 0.145578
61902 0.126982
62002 0.160717
62102 0.133414
62202 0.134542
62302 0.134535
62402 0.110732
62502 0.140882
62602 0.168306
62702 0.135665
62802 0.276868
62902 0.135853
63002 0.120497
63102 0.138729
63202 0.224980
63302 0.370749
63402 0.149368
63502 0.139975
63602 0.125221
63702 0.145996
63802 0.273720
63902 0.122329
64002 0.112210
64102 0.124109
64202 0.115870
64302 0.125408
64402 0.131760
64502 0.160579
64602 0.117904
64702 0.128539
64802 0.120239
64902 0.134381
65002 0.126719
65102 0.159544
65202 0.198143
65302 0.164129
65402 0.129836
65502 0.129384
65602 0.135816
65702 0.152876
65802 0.131085
65902 0.138768
66002 0.226735
66102 0.130582
66202 0.128508
66302 0.127342
66402 0.152025
66502 0.152456
66602 0.131077
66702 0.133913
66802 0.135037
66902 0.135972
67002 0.531058
67102 0.140331
67202 0.139780
67302 0.144130
67402 0.143151
67502 0.143029
67602 0.119456
67702 0.136535
67802 0.118842
67902 0.219187
68002 0.133989
68102 0.156579
68202 0.156266
68302 0.168287
68402 0.130353
68502 0.126014
68602 0.129584
68702 0.140606
68802 0.140753
68902 0.135030
69002 0.165841
69102 0.158831
69202 0.141243
69302 0.195275
69402 0.173992
69502 0.144845
69602 0.131252
69702 0.133899
69802 0.123652
69902 0.190317
70002 0.127355
70102 0.165454
70202 0.142584
70302 0.177356
70402 0.169852
70502 0.184325
70602 0.166408
70702 0.157166
70802 0.154955
70902 0.156212
71002 0.146795
71102 0.135987
71202 0.154226
71302 0.595259
71402 0.148952
71502 0.127440
71602 0.228703
71702 0.143571
71802 0.153863
71902 0.198313
72002 0.153964
72102 0.146409
72202 0.179522
72302 0.172377
72402 0.175361
72502 0.212440
72602 0.138821
72702 0.187379
72802 0.189886
72902 0.155316
73002 0.152513
73102 0.143407
73202 0.242080
73302 0.181351
73402 0.169886
73502 0.126318
73602 0.144369
73702 0.196195
73802 0.285288
73902 0.138071
74002 0.147856
74102 0.154687
74202 0.154352
74302 0.140466
74402 0.152751
74502 0.158121
74602 0.171926
74702 0.264261
74802 0.159893
74902 0.177856
75002 0.137875
75102 0.338251
75202 0.145162
75302 0.451679
75402 0.139797
75502 0.166480
75602 0.150231
75702 0.146915
75802 0.135549
75902 0.144903
76002 0.157726
76102 0.195049
76202 0.133939
76302 0.150701
76402 0.138302
76502 0.138686
76602 0.174653
76702 0.162296
76802 0.150224
76902 0.175433
77002 0.168717
77102 0.190768
77202 0.157230
77302 0.292706
77402 0.153243
77502 0.164054
77602 0.172246
77702 0.158547
77802 0.170868
77902 0.168744
78002 0.155019
78102 0.180513
78202 0.240479
78302 0.212700
78402 0.180909
78502 0.181083
78602 0.171553
78702 0.173573
78802 0.143562
78902 0.138440
79002 0.170022
79102 0.226224
79202 0.174021
79302 0.188574
79402 0.161803
79502 0.167960
79602 0.165659
79702 0.155635
79802 0.186954
79902 0.176449
80002 0.189584
80102 0.181290
80202 0.233661
80302 0.163685
80402 0.180813
80502 0.189985
80602 0.221913
80702 0.191909
80802 0.153133
80902 0.215898
81002 0.168716
81102 0.180503
81202 0.192732
81302 0.263004
81402 0.186233
81502 0.153765
81602 0.153561
81702 0.157229
81802 0.159581
81902 0.185473
82002 0.140621
82102 0.162180
82202 0.157102
82302 0.229992
82402 0.142828
82502 0.147810
82602 0.163495
82702 0.152830
82802 0.170227
82902 0.194467
83002 0.198414
83102 0.164230
83202 0.185191
83302 0.204180
83402 0.183267
83502 0.153733
83602 0.180523
83702 0.179672
83802 0.154761
83902 0.175677
84002 0.147876
84102 0.174226
84202 0.188534
84302 0.170035
84402 0.284176
84502 0.188541
84602 0.170495
84702 0.169005
84802 0.163788
84902 0.220901
85002 0.211662
85102 0.205108
85202 0.187245
85302 0.181113
85402 0.181896
85502 0.178077
85602 0.168044
85702 0.158709
85802 0.175727
85902 0.168591
86002 0.169358
86102 0.166970
86202 0.194066
86302 0.266123
86402 0.208330
86502 0.223852
86602 0.166055
86702 0.194788
86802 0.210609
86902 0.179620
87002 0.200072
87102 0.195322
87202 0.164569
87302 0.166932
87402 0.166123
87502 0.220459
87602 0.193476
87702 0.186219
87802 0.241791
87902 0.201930
88002 0.170635
88102 0.180000
88202 0.184814
88302 0.173098
88402 0.187046
88502 0.174509
88602 0.157349
88702 0.157803
88802 0.236923
88902 0.188250
89002 0.191901
89102 0.200147
89202 0.203068
89302 0.294393
89402 0.198408
89502 0.173434
89602 0.212318
89702 0.172484
89802 0.183538
89902 0.293355
90002 0.279579
90102 0.192726
90202 0.196028
90302 0.166624
90402 0.193985
90502 0.194793
90602 0.186411
90702 0.181997
90802 0.174956
90902 0.170559
91002 0.194222
91102 0.201001
91202 0.170237
91302 0.226756
91402 0.206176
91502 0.218589
91602 0.194125
91702 0.196469
91802 0.207828
91902 0.164902
92002 0.203998
92102 0.160964
92202 0.204854
92302 0.195683
92402 0.576002
92502 0.272373
92602 0.170516
92702 0.197378
92802 0.181439
92902 0.219384
93002 0.186171
93102 0.200606
93202 0.204541
93302 0.222753
93402 0.225550
93502 0.596714
93602 0.176201
93702 0.187805
93802 0.440365
93902 0.202136
94002 0.219471
94102 0.244432
94202 0.350832
94302 0.209389
94402 0.213572
94502 0.169845
94602 0.206574
94702 0.194261
94802 0.200318
94902 0.212924
95002 0.208660
95102 0.180852
95202 0.189790
95302 0.216857
95402 0.183621
95502 0.220368
95602 0.305659
95702 0.257220
95802 0.182513
95902 0.219603
96002 0.183036
96102 0.219002
96202 0.207334
96302 0.218516
96402 0.183930
96502 0.200531
96602 0.416901
96702 0.223073
96802 0.399107
96902 0.216024
97002 0.218243
97102 0.237004
97202 0.249540
97302 0.215721
97402 0.214833
97502 0.186571
97602 0.206281
97702 0.206463
97802 0.228919
97902 0.196429
98002 0.174732
98102 0.182088
98202 0.205232
98302 0.218586
98402 0.208418
98502 0.214419
98602 0.201975
98702 0.483721
98802 0.206723
98902 0.209684
99002 0.199039
99102 0.255252
99202 0.222580
99302 0.203909
99402 0.221805
99502 0.224571
99602 0.203205
99702 0.199665
99802 0.203624
99902 0.266902
100002 0.205576
100102 0.171406
100202 0.178212
100302 0.192324
100402 0.199702
100502 0.215729
100602 0.178476
100702 0.258715
100802 0.447108
100902 0.192295
101002 0.179046
101102 0.208245
101202 0.210174
101302 0.189683
101402 0.215387
101502 0.182124
101602 0.209574
101702 0.217754
101802 0.224855
101902 0.213152
102002 0.285439
102102 0.225551
102202 0.251062
102302 0.184372
102402 0.312013
102502 0.207858
102602 0.226361
102702 0.253405
102802 0.183004
102902 0.207923
103002 0.191252
103102 0.211835
103202 0.295067
103302 0.249513
103402 0.219051
103502 0.230742
103602 0.217039
103702 0.227907
103802 0.242749
103902 0.250722
104002 0.240296
104102 0.208084
104202 0.210751
104302 0.180517
104402 0.276367
104502 0.237688
104602 0.208528
104702 0.219920
104802 0.219305
104902 0.242640
105002 0.179879
105102 0.198889
105202 0.201981
105302 0.250055
105402 0.199665
105502 0.242897
105602 0.207926
105702 0.220130
105802 0.227368
105902 0.323828
106002 0.252292
106102 0.222306
106202 0.253054
106302 0.248734
106402 0.203262
106502 0.228560
106602 0.184606
106702 0.219814
106802 0.259214
106902 0.220930
107002 0.212689
107102 0.234134
107202 0.221274
107302 0.197800
107402 0.243851
107502 0.231197
107602 0.249862
107702 0.212117
107802 0.252469
107902 0.252985
108002 0.272438
108102 0.243068
108202 0.207162
108302 0.207648
108402 0.208531
108502 0.191303
108602 0.267784
108702 0.249187
108802 0.228756
108902 0.233546
109002 0.265361
109102 0.229000
109202 0.204973
109302 0.268441
109402 0.247225
109502 0.263839
109602 0.223672
109702 0.243647
109802 0.276643
109902 0.196899
110002 0.250149
110102 0.218661
110202 0.262026
110302 0.263686
110402 0.237459
110502 0.234529
110602 0.240611
110702 0.231939
110802 0.204295
110902 0.325142
111002 0.234285
111102 0.262915
111202 0.216222
111302 0.217720
111402 0.210830
111502 0.238442
111602 0.211443
111702 0.215612
111802 0.226830
111902 0.240148
112002 0.229143
112102 0.209174
112202 0.191142
112302 0.256861
112402 0.487312
112502 0.212197
112602 0.250401
112702 0.225053
112802 0.271154
112902 0.228917
113002 0.257102
113102 0.269055
113202 0.220185
113302 0.261667
113402 0.245571
113502 0.272433
113602 0.220184
113702 0.243650
113802 0.236578
113902 0.229673
114002 0.210524
114102 0.258380
114202 0.230408
114302 0.224037
114402 0.206566
114502 0.221854
114602 0.261812
114702 0.252936
114802 0.243445
114902 0.271746
115002 0.223035
115102 0.210292
115202 0.209696
115302 0.237174
115402 0.271420
115502 0.262630
115602 0.246596
115702 0.215469
115802 0.217063
115902 0.275735
116002 0.246717
116102 0.250328
116202 0.222040
116302 0.216564
116402 0.226791
116502 0.217322
116602 0.231172
116702 0.733336
116802 0.225925
116902 0.281395
117002 0.234694
117102 0.261448
117202 0.222111
117302 0.243117
117402 0.295759
117502 0.245132
117602 0.217564
117702 0.256266
117802 0.264118
117902 0.275749
118002 0.243508
118102 0.236048
118202 0.232463
118302 0.221997
118402 0.258947
118502 0.261940
118602 0.252398
118702 0.222355
118802 0.225531
118902 0.226625
119002 0.233374
119102 0.264315
119202 0.345379
119302 0.268760
119402 0.227293
119502 0.274284
119602 0.270356
119702 0.244004
119802 0.258445
119902 0.286606
120002 0.234181
120102 0.280665
120202 0.240209
120302 0.223549
120402 0.250599
120502 0.243126
120602 0.267333
120702 0.291403
120802 0.229898
120902 0.355688
121002 0.257591
121102 0.280983
121202 0.244978
121302 0.238076
121402 0.221443
121502 0.226658
121602 0.266471
121702 0.231419
121802 0.233655
121902 0.217941
122002 0.320962
122102 0.231048
122202 0.260226
122302 0.241641
122402 0.239005
122502 0.225903
122602 0.255434
122702 0.288691
122802 0.267616
122902 0.269245
123002 0.211832
123102 0.251918
123202 0.228174
123302 0.230875
123402 0.280347
123502 0.275730
123602 0.227219
123702 0.351434
123802 0.292916
123902 0.227678
124002 0.234875
124102 0.341490
124202 0.276271
124302 0.291298
124402 0.274256
124502 0.228715
124602 0.237227
124702 0.302582
124802 0.255047
124902 0.261848
125002 0.218006
125102 0.224366
125202 0.483376
125302 0.232791
125402 0.258690
125502 0.256056
125602 0.274281
125702 0.216630
125802 0.277916
125902 0.238915
126002 0.245527
126102 0.283549
126202 0.311909
126302 0.277137
126402 0.228443
126502 0.420333
126602 0.265001
126702 0.265346
126802 0.239535
126902 0.265399
127002 0.230470
127102 0.229591
127202 0.222128
127302 0.327073
127402 0.229700
127502 0.280077
127602 0.298642
127702 0.352178
127802 0.590794
127902 0.244578
128002 0.275925
128102 0.318173
128202 0.404201
128302 0.248307
128402 0.271440
128502 0.235229
128602 0.253597
128702 0.447312
128802 0.257484
128902 0.320938
129002 0.263510
129102 0.242295
129202 0.230788
129302 0.297019
129402 0.259335
129502 0.298490
129602 0.266937
129702 0.302136
129802 0.267583
129902 0.287186
130002 0.266062
130102 0.271530
130202 0.285026
130302 0.274634
130402 0.353525
130502 0.268072
130602 0.264231
130702 0.225052
130802 0.240563
130902 0.310956
131002 0.238350
131102 0.342255
131202 0.308355
131302 0.275797
131402 0.286206
131502 0.315160
131602 0.293345
131702 0.236605
131802 0.253744
131902 0.293682
132002 0.249003
132102 0.244317
132202 0.249056
132302 0.377880
132402 0.262098
132502 0.279665
132602 0.275761
132702 0.270370
132802 0.289854
132902 0.258008
133002 0.327627
133102 0.310691
133202 0.236662
133302 0.258546
133402 0.248005
133502 0.238862
133602 0.277155
133702 0.308443
133802 0.256016
133902 0.314213
134002 0.316893
134102 0.293677
134202 0.270871
134302 0.253177
134402 0.297965
134502 0.296280
134602 0.289900
134702 0.319837
134802 0.284699
134902 0.278816
135002 0.303041
135102 0.302048
135202 0.320698
135302 0.256396
135402 0.263381
135502 0.309795
135602 0.238300
135702 0.455113
135802 0.272373
135902 0.301230
136002 0.345397
136102 0.258907
136202 0.260073
136302 0.275651
136402 0.323157
136502 0.257998
136602 0.289423
136702 0.330361
136802 0.259459
136902 0.658266
137002 0.289955
137102 0.271929
137202 0.233759
137302 0.252019
137402 0.316130
137502 0.270680
137602 0.266342
137702 0.333281
137802 0.248946
137902 0.277965
138002 0.276095
138102 0.280497
138202 0.266646
138302 0.285883
138402 0.259357
138502 0.275401
138602 0.246515
138702 0.340665
138802 0.261488
138902 0.295686
139002 0.315996
139102 0.295783
139202 0.471771
139302 0.324913
139402 0.272358
139502 0.256856
139602 0.321660
139702 0.317058
139802 0.315146
139902 0.324149
140002 0.289808
140102 0.251487
140202 0.364892
140302 0.276061
140402 0.247115
140502 0.274750
140602 0.247483
140702 0.276951
140802 0.286725
140902 0.265501
141002 0.324811
141102 0.271895
141202 0.247214
141302 0.260193
141402 0.258515
141502 0.288657
141602 0.292291
141702 0.317313
141802 0.285446
141902 0.289813
142002 0.268137
142102 0.297490
142202 0.309126
142302 0.285116
142402 0.275995
142502 0.286029
142602 0.327209
142702 0.336450
142802 0.285840
142902 0.311674
143002 0.287004
143102 0.376867
143202 0.300475
143302 0.267381
143402 0.304076
143502 0.281914
143602 0.266462
143702 0.348685
143802 0.451588
143902 0.285467
144002 0.273796
144102 0.307040
144202 0.302382
144302 0.271684
144402 0.355257
144502 0.268943
144602 0.279525
144702 0.262555
144802 0.309361
144902 0.298748
145002 0.282126
145102 0.331636
145202 0.324335
145302 0.285744
145402 0.282204
145502 0.375968
145602 0.296723
145702 0.341480
145802 0.311271
145902 0.396653
146002 0.325194
146102 0.286490
146202 0.319309
146302 0.357549
146402 0.336973
146502 0.280623
146602 0.284495
146702 0.281056
146802 0.268096
146902 0.279333
147002 0.304797
147102 0.388376
147202 0.306173
147302 0.319701
147402 0.348562
147502 0.329707
147602 0.276469
147702 0.278258
147802 0.308130
147902 0.363744
148002 0.323252
148102 0.310863
148202 0.292692
148302 0.348851
148402 0.382555
148502 0.311900
148602 0.323938
148702 0.334819
148802 0.311668
148902 0.323423
149002 0.313759
149102 0.287261
149202 0.325424
149302 0.326481
149402 0.289996
149502 0.304515
149602 0.345092
149702 0.352301
149802 0.300462
149902 0.332895
150002 0.306003
150102 0.316117
150202 0.286888
150302 0.295698
150402 0.355899
150502 0.278971
150602 0.319199
150702 0.284092
150802 0.289282
150902 0.342593
151002 0.303292
151102 0.286346
151202 0.328728
151302 0.325266
151402 0.271250
151502 0.313036
151602 0.348835
151702 0.323402
151802 0.293634
151902 0.288072
152002 0.325054
152102 0.286328
152202 0.322731
152302 0.307256
152402 0.315681
152502 0.301401
152602 0.278317
152702 0.266459
152802 0.303034
152902 0.321265
153002 0.288476
153102 0.285456
153202 0.308700
153302 0.281825
153402 0.288535
153502 0.330618
153602 0.272455
153702 0.298669
153802 0.292201
153902 0.386331
154002 0.258442
154102 0.337800
154202 0.317378
154302 0.362322
154402 0.302619
154502 0.326377
154602 0.294361
154702 0.354277
154802 0.320715
154902 0.305038
155002 0.308915
155102 0.312712
155202 0.305720
155302 0.298081
155402 0.374066
155502 0.333999
155602 0.340735
155702 0.300305
155802 0.328638
155902 0.323900
156002 0.302642
156102 0.321946
156202 0.341397
156302 0.296586
156402 0.345377
156502 0.312076
156602 0.351806
156702 0.315425
156802 0.353280
156902 0.299408
157002 0.335259
157102 0.313360
157202 0.303676
157302 0.311759
157402 0.355079
157502 0.314971
157602 0.311477
157702 0.370822
157802 0.351307
157902 0.338175
158002 0.366693
158102 0.341619
158202 0.297911
158302 0.308200
158402 0.323955
158502 0.274518
158602 0.319848
158702 0.369625
158802 0.357372
158902 0.417813
159002 0.311968
159102 0.324816
159202 0.301223
159302 0.354406
159402 0.387242
159502 0.324293
159602 0.329978
159702 0.308956
159802 0.412995
159902 0.356933
160002 0.346181
160102 0.410288
160202 0.323255
160302 0.372026
160402 0.350796
160502 0.362337
160602 0.335592
160702 0.347843
160802 0.297606
160902 0.307650
161002 0.344107
161102 0.389135
161202 0.303534
161302 0.304023
161402 0.338373
161502 0.317351
161602 0.303942
161702 0.339407
161802 0.316750
161902 0.307077
162002 0.335593
162102 0.327814
162202 0.453075
162302 0.320650
162402 0.368065
162502 0.287257
162602 0.310237
162702 0.336005
162802 0.328688
162902 0.335224
163002 0.373966
163102 0.352225
163202 0.307860
163302 0.322142
163402 0.316907
163502 0.308671
163602 0.399187
163702 0.330615
163802 0.372808
163902 0.297327
164002 0.298488
164102 0.311129
164202 0.278739
164302 0.349147
164402 0.289459
164502 0.286497
164602 0.315405
164702 0.371722
164802 0.353892
164902 0.323852
165002 0.312317
165102 0.386650
165202 0.317140
165302 0.286078
165402 0.363777
165502 0.327065
165602 0.320551
165702 0.336593
165802 0.352797
165902 0.400086
166002 0.332324
166102 0.441450
166202 0.356596
166302 0.358929
166402 0.331374
166502 0.332868
166602 0.310986
166702 0.308293
166802 0.380435
166902 0.376566
167002 0.357249
167102 0.359838
167202 0.880336
167302 0.444702
167402 0.325013
167502 0.344507
167602 0.383702
167702 0.345208
167802 0.366107
167902 0.510606
168002 0.393261
168102 0.365258
168202 0.347401
168302 0.360801
168402 0.399298
168502 0.565215
168602 0.678874
168702 0.328343
168802 0.338979
168902 0.313077
169002 0.411580
169102 0.326529
169202 0.404343
169302 0.416569
169402 0.318360
169502 0.530805
169602 0.364777
169702 0.351388
169802 0.709137
169902 0.388905
170002 0.493303
170102 0.554195
170202 0.393279
170302 0.397210
170402 0.481033
170502 0.597270
170602 0.486026
170702 0.419615
170802 0.598571
170902 0.434317
171002 0.429301
171102 0.466735
171202 0.395345
171302 0.605415
171402 0.438137
171502 0.404484
171602 0.310909
171702 0.329663
171802 0.402999
171902 0.331786
172002 0.349531
172102 0.386539
172202 0.339872
172302 0.385447
172402 0.338086
172502 0.476254
172602 0.479174
172702 0.411150
172802 0.444743
172902 0.350696
173002 0.512212
173102 0.360209
173202 0.346011
173302 0.481710
173402 0.343758
173502 0.320404
173602 0.362141
173702 0.380584
173802 0.344403
173902 0.611877
174002 0.398379
174102 0.346337
174202 0.416368
174302 0.428895
174402 0.444882
174502 0.443954
174602 0.351054
174702 0.671230
174802 0.423025
174902 0.379591
175002 0.373854
175102 0.349564
175202 0.358657
175302 0.603289
175402 0.556325
175502 0.383515
175602 0.370796
175702 0.479496
175802 0.465832
175902 0.422979
176002 0.640584
176102 0.337155
176202 0.509109
176302 0.378972
176402 0.416515
176502 0.387430
176602 0.382163
176702 0.382745
176802 0.356576
176902 0.357702
177002 0.309270
177102 0.373676
177202 0.320295
177302 0.286814
177402 0.372136
177502 0.356172
177602 0.316747
177702 0.363713
177802 0.290081
177902 0.324723
178002 0.312042
178102 0.319789
178202 0.390904
178302 0.328062
178402 0.447584
178502 0.380441
178602 0.342290
178702 0.403130
178802 0.978082
178902 0.512728
179002 0.397607
179102 0.572124
179202 0.373325
179302 0.352070
179402 0.513663
179502 0.366227
179602 0.422346
179702 0.342252
179802 0.366566
179902 0.327182
180002 0.335753
180102 0.348293
180202 0.708900
180302 0.395580
180402 0.447319
180502 0.505248
180602 0.415073
180702 0.381970
180802 0.322463
180902 0.349783
181002 0.372756
181102 0.335152
181202 0.377657
181302 0.386927
181402 0.332629
181502 0.343199
181602 0.418140
181702 0.347697
181802 0.431601
181902 0.395111
182002 0.434297
182102 0.405741
182202 0.326481
182302 0.383479
182402 0.559884
182502 0.392912
182602 0.349129
182702 0.502513
182802 0.362674
182902 0.454743
183002 0.457961
183102 0.363550
183202 0.357861
183302 0.421055
183402 0.409864
183502 0.442123
183602 0.440853
183702 0.493994
183802 0.427147
183902 0.411449
184002 0.438250
184102 0.472269
184202 0.644746
184302 0.348813
184402 0.463803
184502 0.456668
184602 0.401092
184702 0.396925
184802 0.502753
184902 0.579377
185002 0.609234
185102 0.470459
185202 0.436929
185302 0.320996
185402 0.347580
185502 0.365298
185602 0.336928
185702 0.338718
185802 0.386791
185902 0.348572
186002 0.413933
186102 0.358879
186202 0.380846
186302 0.393694
186402 0.407874
186502 0.511366
186602 0.309705
186702 0.455041
186802 0.406538
186902 0.319923
187002 0.295123
187102 0.318048
187202 0.493158
187302 0.364687
187402 0.433674
187502 0.371589
187602 0.359344
187702 0.338616
187802 0.407908
187902 0.302954
188002 0.311417
188102 0.318229
188202 0.337373
188302 0.369025
188402 0.346184
2 0.000030
1002 0.001772
2002 0.085777
3002 0.004952
4002 0.007063
5002 0.007964
6002 0.011713
7002 0.044165
8002 0.081445
9002 0.017687
10002 0.016246
11002 0.019331
12002 0.018975
13002 0.024558
14002 0.088059
15002 0.110782
16002 0.025240
17002 0.026793
18002 0.032564
19002 0.033686
20002 0.032354
21002 0.041074
22002 0.098482
23002 0.074632
24002 0.057984
25002 0.052784
26002 0.123265
27002 0.054418
28002 0.060243
29002 0.048557
30002 0.097389
31002 0.054904
32002 0.054754
33002 0.066607
34002 0.059145
35002 0.057454
36002 0.079325
37002 0.070307
38002 0.078058
39002 0.061774
40002 0.080343
41002 0.088465
42002 0.067056
43002 0.122528
44002 0.081202
45002 0.109439
46002 0.082503
47002 0.085733
48002 0.105710
49002 0.077848
50002 0.111750
51002 0.124531
52002 0.106292
53002 0.119484
54002 0.112352
55002 0.276441
56002 0.227945
57002 0.191367
58002 0.223346
59002 0.212178
60002 0.147193
61002 0.136592
62002 0.266946
63002 0.192376
64002 0.141887
65002 0.161513
66002 0.126268
67002 0.326143
68002 0.241065
69002 0.290051
70002 0.169264
71002 0.191705
72002 0.238197
73002 0.397305
74002 0.171225
75002 0.252570
76002 0.328799
77002 0.266652
78002 0.329106
79002 0.144700
80002 0.215608
81002 0.155812
82002 0.164104
83002 0.192695
84002 0.202542
85002 0.328918
86002 0.205492
87002 0.208232
88002 0.190371
89002 0.174261
90002 0.204751
91002 0.165440
92002 0.180829
93002 0.198313
94002 0.193473
95002 0.256777
96002 0.256809
97002 0.227762
98002 0.322082
99002 0.193042
100002 0.197446
101002 0.200738
102002 0.206488
103002 0.181862
104002 0.195703
105002 0.221726
106002 0.238726
107002 0.222333
108002 0.207492
109002 0.229545
110002 0.228813
111002 0.215471
112002 0.232548
113002 0.277889
114002 0.246735
115002 0.226527
116002 0.284339
117002 0.265959
118002 0.271652
119002 0.327403
120002 0.289192
121002 0.233184
122002 0.342575
123002 0.269477
124002 0.261664
125002 0.339963
126002 0.248169
127002 0.290113
128002 0.246187
129002 0.238035
130002 0.297611
131002 0.230435
132002 0.211679
133002 0.262784
134002 0.313365
135002 0.236773
136002 0.237801
137002 0.288170
138002 0.249547
139002 0.251512
140002 0.278272
141002 0.258466
142002 0.304856
143002 0.291922
144002 0.248680
145002 0.280827
146002 0.248305
147002 0.312663
148002 0.269142
149002 0.324337
150002 0.314401
151002 0.331472
152002 0.272505
153002 0.283808
154002 0.324242
155002 0.385114
156002 0.303772
157002 0.328657
158002 0.294187
159002 0.312671
160002 0.312691
161002 0.444284
162002 0.309133
163002 0.317299
164002 0.299543
165002 0.324143
166002 0.334010
167002 0.303272
168002 0.314239
169002 0.413383
170002 0.305996
171002 0.282066
172002 0.353628
173002 0.340777
174002 0.329325
175002 0.311967
176002 0.305209
177002 0.397521
178002 0.374470
179002 0.368370
180002 0.351829
181002 0.385914
182002 0.328956
183002 0.346725
184002 0.352873
185002 0.396923
186002 0.397781
187002 0.344420
188002 0.368596
189002 0.457342
190002 0.373338
191002 0.374793
192002 0.442887
193002 0.838659
194002 0.386783
195002 0.392164
196002 0.407985
197002 0.434491
198002 0.400764
199002 0.476386
200002 0.460477
201002 0.346994
202002 0.402973
203002 0.437875
204002 0.396572
205002 0.424265
206002 0.493308
207002 0.682765
208002 0.363554
209002 0.425710
210002 0.458195
211002 0.527814
212002 0.407700
213002 0.382007
214002 0.469344
215002 0.461591
216002 0.379808
217002 0.566416
218002 0.524432
219002 0.480605
220002 0.502916
221002 0.441191
222002 0.533777
223002 0.521037
224002 0.410769
225002 0.435520
226002 0.550817
227002 0.517942
228002 0.463458
229002 0.433923
230002 0.412149
231002 0.460693
232002 0.418001
233002 0.418223
234002 0.450933
235002 0.478224
236002 0.479080
237002 0.412944
238002 0.457801
239002 0.492826
240002 0.579955
241002 0.451984
242002 0.560235
243002 0.452394
244002 0.506399
245002 0.600491
246002 0.543349
247002 0.412981
248002 0.419293
249002 0.641612
250002 0.576738
251002 0.810780
252002 1.131709
253002 0.638933
254002 1.246529
255002 0.717536
256002 0.648711
257002 0.475587
258002 0.449306
259002 0.577171
260002 0.460668
261002 0.504295
262002 0.530378
263002 0.467692
264002 0.488622
265002 0.517608
266002 0.472835
267002 0.422554
268002 0.554459
269002 0.499458
270002 0.516356
271002 0.525781
272002 0.481643
273002 0.478699
274002 0.555410
275002 0.461913
276002 0.549362
277002 0.495076
278002 0.437783
279002 0.526754
280002 0.524196
281002 0.514288
282002 0.649362
283002 0.506482
284002 0.557115
285002 0.512624
286002 0.609696
287002 0.569168
288002 0.523852
289002 0.583767
290002 0.605972
291002 0.563691
292002 0.595637
293002 0.598874
294002 0.623592
295002 0.588117
296002 0.507032
297002 0.645630
298002 0.690180
299002 0.679614
300002 0.634174
301002 0.684311
302002 0.542849
303002 0.625633
304002 0.592044
305002 0.670850
306002 0.549970
307002 0.596882
308002 0.511747
309002 0.584654
310002 0.627056
311002 0.717343
312002 0.730564
313002 0.681652
314002 0.589859
315002 0.627749
316002 0.562235
317002 0.578094
318002 0.569580
319002 0.720877
320002 0.606200
321002 0.745868
322002 0.593593
323002 0.629964
324002 0.566245
325002 0.682280
326002 0.618851
327002 0.826365
328002 0.822165
329002 0.654653
330002 0.637561
331002 0.779921
332002 0.695684
333002 0.728066
334002 0.642824
335002 0.599378
336002 0.678120
337002 0.622363
338002 0.640664
339002 0.591069
340002 0.607427
341002 0.617433
342002 0.627333
343002 0.730262
344002 0.641302
345002 0.647059
346002 0.678796
347002 0.708553
348002 0.618797
349002 0.707814
350002 0.622092
351002 0.670977
352002 0.671782
353002 0.696721
354002 0.687208
355002 0.613749
356002 0.641115
357002 0.699881
358002 0.662454
359002 0.654892
360002 0.710309
361002 0.807127
362002 0.758395
363002 0.861505
364002 0.705084
365002 0.695572
366002 0.722549
367002 0.732514
368002 0.713074
369002 0.698060
370002 0.756775
371002 0.724350
372002 0.712251
373002 0.670963
374002 0.726841
375002 0.647695
376002 0.704918
377002 0.802288
378002 0.799406
379002 0.712277
380002 0.894471
381002 0.752582
382002 1.152386
383002 0.689984
384002 0.704808
385002 0.770508
386002 0.733312
387002 0.717330
388002 0.698803
389002 0.710548
390002 0.764449
391002 0.661519
392002 0.872231
393002 0.821453
394002 0.853087
395002 0.848743
396002 0.903523
397002 0.732632
398002 0.658476
399002 0.745022
400002 0.816588
401002 0.678844
402002 0.781520
403002 0.713527
404002 0.747786
405002 0.806551
406002 0.975418
407002 1.035256
408002 1.196257
409002 1.104440
410002 0.767395
411002 1.184234
412002 0.763987
413002 0.737922
414002 0.910544
415002 0.689506
416002 0.736297
417002 0.738197
418002 0.750802
419002 0.694999
420002 0.697978
421002 0.750007
422002 0.995515
423002 0.838325
424002 0.966715
425002 0.749625
426002 0.751118
427002 0.754469
428002 0.809276
429002 1.049394
430002 0.977115
431002 0.841388
432002 0.892988
433002 0.830816
434002 1.052016
435002 1.054740
436002 0.937078
437002 0.958790
438002 0.862439
439002 0.857133
440002 0.849604
441002 0.799830
442002 0.832475
443002 0.957281
444002 0.893219
445002 0.811121
446002 0.781006
447002 0.859116
448002 0.898758
449002 0.824038
450002 0.868493
451002 0.748480
452002 0.912436
453002 0.805389
454002 0.851613
455002 0.966058
456002 1.150158
457002 1.217537
458002 0.978102
459002 0.891761
460002 0.829757
461002 0.799673
462002 1.406021
463002 0.921599
464002 0.794891
465002 0.850966
466002 0.855008
467002 0.765111
468002 0.849307
469002 0.819006
470002 0.880653
471002 1.081382
472002 0.788690
473002 0.877507
474002 1.043507
475002 1.080229
476002 0.936971
477002 0.935550
478002 0.937791
479002 0.948899
480002 0.961640
481002 0.881075
482002 0.853127
483002 0.870582
484002 0.783952
485002 0.812241
486002 0.842966
487002 1.061995
488002 0.778192
489002 0.823522
490002 0.796594
491002 0.839526
492002 0.902598
493002 0.798951
494002 0.860992
495002 0.828411
496002 0.875208
497002 0.816361
498002 0.790336
499002 0.861895
500002 0.859653
501002 0.900946
502002 0.833979
503002 0.924266
504002 0.902030
505002 1.006688
506002 0.886443
507002 0.874794
508002 0.870159
509002 0.895323
510002 0.816345
511002 0.854710
512002 0.802602
513002 0.810180
514002 0.947302
515002 0.919559
516002 1.056680
517002 0.956234
518002 1.032245
519002 1.072647
520002 0.961767
521002 0.851830
522002 0.982344
523002 0.998694
524002 0.966849
525002 1.154196
526002 1.077728
527002 1.053603
528002 1.087066
529002 1.116752
530002 1.114819
531002 1.144965
532002 1.082825
533002 1.111378
534002 1.001721
535002 1.159098
536002 1.280893
537002 0.981937
538002 1.074754
539002 1.053170
540002 1.028566
541002 1.059216
542002 0.917771
543002 1.049552
544002 0.912352
545002 1.057094
546002 1.136374
547002 0.989163
548002 0.981632
549002 0.952123
550002 1.001592
551002 1.107144
552002 1.140500
553002 1.071918
554002 1.049489
555002 1.005475
556002 0.966662
557002 1.103009
558002 1.108031
559002 0.977793
560002 1.185009
561002 0.991759
562002 0.965559
563002 1.076083
564002 1.096011
565002 0.990106
566002 1.056672
567002 0.941816
568002 1.226207
569002 1.020584
570002 1.101885
571002 1.067367
572002 1.076701
573002 1.140318
574002 1.190351
575002 1.049825
576002 1.109682
577002 1.068655
578002 1.235586
579002 1.011690
580002 1.245748
581002 1.070070
582002 1.060095
583002 1.350601
584002 1.127436
585002 1.317739
586002 1.041991
587002 1.460913
588002 1.309357
589002 1.171815
590002 1.089972
591002 1.016970
592002 1.069507
593002 1.313437
594002 1.073357
595002 1.043517
596002 1.229319
597002 1.056031
598002 1.025702
599002 1.010048
600002 1.238192
601002 1.237388
602002 0.997912
603002 1.387107
604002 1.567243
605002 1.093965
606002 1.010220
607002 1.485888
608002 1.803987
609002 1.232919
610002 1.324075
611002 1.380425
612002 1.260251
613002 1.135247
614002 1.154918
615002 1.708011
616002 1.488624
617002 1.379740
618002 1.770276
619002 1.506477
620002 1.344938
621002 1.578831
622002 1.348289
623002 1.082948
624002 1.134009
625002 1.200604
626002 1.518237
627002 1.401334
628002 1.242754
629002 1.284250
630002 1.448388
631002 1.292191
632002 1.106365
633002 1.241343
634002 1.340330
635002 1.204894
636002 1.141357
637002 1.303849
638002 1.106088
639002 1.079540
640002 1.228617
641002 1.166655
642002 1.208274
643002 1.128659
644002 1.129119
645002 1.186196
646002 1.154017
647002 1.125604
648002 1.004701
649002 1.088119
650002 1.434044
651002 1.172469
652002 1.136220
653002 1.162360
654002 1.262729
655002 1.156842
656002 1.105510
657002 1.184554
658002 1.123779
659002 1.134037
660002 1.384840
661002 1.499502
662002 1.320750
663002 1.142549
664002 1.206073
665002 1.242905
666002 1.231198
667002 1.274563
668002 1.122711
669002 1.057551
670002 1.105332
671002 1.262734
672002 1.075099
673002 1.318181
674002 1.320241
675002 1.332590
676002 1.256871
677002 1.249780
678002 1.216236
679002 1.191471
680002 1.079827
681002 1.098074
682002 1.216982
683002 1.337451
684002 1.226205
685002 1.134778
686002 1.105644
687002 1.220101
688002 1.170780
689002 1.250063
690002 1.221988
691002 1.199898
692002 1.110921
693002 1.094611
694002 1.394993
695002 1.131527
696002 1.253067
697002 1.454232
698002 1.469669
699002 1.248757
700002 1.189480
701002 1.464736
702002 1.281261
703002 1.225657
704002 1.439206
705002 1.310622
706002 1.470421
707002 1.223184
708002 1.231853
709002 1.318819
710002 1.531060
711002 1.212021
712002 1.358031
713002 1.550528
714002 2.026636
715002 1.197200
716002 1.689931
717002 1.720889
718002 2.323325
719002 2.638119
720002 1.531746
721002 1.247748
722002 1.315237
723002 1.431793
724002 1.214969
725002 1.361813
726002 1.242782
727002 1.156589
728002 1.181399
729002 1.259542
730002 1.244901
731002 1.194703
732002 1.177129
733002 1.319474
734002 1.252252
735002 1.441714
736002 1.321961
737002 1.490045
738002 1.436348
739002 1.333169
740002 1.479725
741002 1.345345
742002 1.354081
743002 1.363350
744002 1.412557
745002 1.797218
746002 1.266206
747002 1.213112
748002 1.301726
749002 1.400577
750002 1.447686
751002 1.258401
752002 1.185145
753002 1.246829
754002 1.266276
755002 1.351769
756002 1.313180
757002 1.276681
758002 1.251973
759002 1.500085
760002 1.208064
761002 1.481976
762002 1.372186
763002 1.442302
764002 1.365138
765002 1.380580
766002 1.416593
767002 1.367106
768002 1.381881
769002 1.453827
770002 1.339499
771002 1.357468
772002 1.394511
773002 1.522530
774002 1.270624
775002 1.281324
776002 1.579555
777002 1.318402
778002 1.324430
779002 1.332511
780002 1.282093
781002 1.386306
782002 1.417352
783002 1.288476
784002 1.351153
785002 1.433889
786002 1.519614
787002 1.382806
788002 1.360643
789002 1.364577
790002 1.282673
791002 1.306595
792002 1.580621
793002 1.413198
794002 1.554190
795002 1.522014
796002 1.485389
797002 1.531790
798002 1.679379
799002 1.485812
800002 1.443907
801002 1.302908
802002 1.313058
803002 1.451064
804002 1.390928
805002 1.431294
806002 1.423671
807002 1.470775
808002 1.450879
809002 1.443698
810002 1.372781
811002 1.588102
812002 1.385672
813002 1.485691
814002 1.627009
815002 1.309758
816002 1.546537
817002 1.429174
818002 1.504457
819002 1.636193
820002 1.321535
821002 1.507202
822002 1.518799
823002 1.603287
824002 1.463655
825002 1.301616
826002 1.494292
827002 1.655671
828002 1.506996
829002 1.459529
830002 1.370921
831002 1.477573
832002 1.472040
833002 1.822800
834002 1.921280
835002 1.767987
836002 1.647664
837002 1.865186
838002 1.632485
839002 1.547138
840002 1.597629
841002 1.748095
842002 1.588071
843002 1.535542
844002 1.583468
845002 1.526896
846002 1.565129
847002 1.568688
848002 1.767307
849002 1.595091
850002 1.715334
851002 2.023039
852002 1.781716
853002 2.240993
854002 1.885084
855002 1.855741
856002 1.802698
857002 1.541357
858002 1.569061
859002 1.872957
860002 1.440718
861002 1.749258
862002 1.436484
863002 1.546488
864002 1.702403
865002 1.923871
866002 1.715655
867002 1.661100
868002 1.617059
869002 1.520884
870002 1.587877
871002 1.425234
872002 1.550638
873002 1.570751
874002 1.474466
875002 1.626627
876002 1.566413
877002 1.548754
878002 1.362383
879002 1.433075
880002 1.446807
881002 1.516181
882002 1.623456
883002 1.948160
884002 1.974612
885002 1.828888
886002 1.620383
887002 2.015456
888002 1.897994
889002 1.582694
890002 1.828157
891002 1.870228
892002 1.696510
893002 1.812800
894002 1.633124
895002 1.549298
896002 1.875014
897002 1.628195
898002 1.676216
899002 1.769501
900002 1.586056
901002 1.752435
902002 1.863366
903002 1.928534
904002 1.622443
905002 1.878559
906002 2.009078
907002 2.004316
908002 1.920459
909002 1.788652
910002 1.720107
911002 1.658021
912002 1.522474
913002 1.499155
914002 1.492229
915002 1.603941
916002 1.550923
917002 1.558414
918002 1.651947
919002 1.551251
920002 1.542224
921002 1.462419
922002 1.611604
923002 1.717419
924002 1.531320
925002 1.537694
926002 1.517101
927002 1.630422
928002 1.861321
929002 1.653114
930002 1.754388
931002 1.597508
932002 1.637747
933002 2.124908
934002 1.694925
935002 1.843359
936002 1.864991
937002 1.930736
938002 1.723907
939002 1.943883
940002 1.796856
941002 2.010331
942002 1.703750
943002 1.640459
944002 1.920142
945002 1.637538
946002 1.790983
947002 1.935875
948002 1.572159
949002 1.781252
950002 1.764721
951002 1.864023
952002 1.858738
953002 1.624501
954002 1.837739
955002 1.788294
956002 1.663740
957002 1.756613
958002 1.747606
959002 1.934347
960002 2.041324
961002 1.763181
962002 1.743528
963002 2.078277
964002 1.840836
965002 1.735015
966002 1.721405
967002 2.090238
968002 2.907267
969002 2.989966
970002 2.527740
971002 2.194327
972002 1.831051
973002 1.767802
974002 1.800061
975002 2.016422
976002 1.708973
977002 1.712914
978002 1.835798
979002 1.852680
980002 2.086974
981002 2.096084
982002 2.201697
983002 2.367268
984002 2.094520
985002 1.842741
986002 2.192205
987002 2.168018
988002 2.050175
989002 1.764253
990002 2.321760
991002 1.769385
992002 1.970635
993002 2.004594
994002 2.575898
995002 2.571950
996002 1.945816
997002 1.736306
998002 1.806473
999002 1.754791
