1000 0.005908
6000 0.034035
11000 0.060713
16000 0.254229
21000 0.085591
26000 0.193899
31000 0.100507
36000 0.154653
41000 0.156710
46000 0.152577
51000 0.167347
56000 0.181082
S61000 0.403050
66000 0.205953
71000 0.237967
76000 0.298357
81000 0.253708
86000 0.216872
91000 0.268256
96000 0.289303
101000 0.539050
106000 0.858164
111000 0.360399
116000 0.296493
121000 0.389083
126000 0.501944
131000 0.345219
136000 0.357328
141000 0.452731
146000 0.352714
151000 0.386544
156000 0.392108
161000 0.365624
166000 0.407649
171000 0.429914
176000 0.438102
181000 0.430280
186000 0.510008
191000 0.749642
196000 0.530240
201000 0.479589
206000 0.953712
211000 0.560700
216000 0.746199
221000 0.600374
226000 0.768480
231000 0.639508
236000 0.591302
241000 0.678866
246000 1.431388
251000 0.643143
256000 1.084934
261000 0.885704
266000 0.669021
271000 0.680854
276000 1.288471
281000 0.825109
286000 0.747206
291000 0.883024
296000 1.272105
301000 1.057397
306000 1.109831
311000 0.838665
316000 0.810250
321000 0.787610
326000 0.981824
331000 0.939568
336000 0.829724
341000 1.138898
346000 1.086656
351000 1.137415
356000 1.220502
361000 1.027080
366000 0.947646
371000 0.881524
376000 1.052012
381000 1.538758
386000 1.315142
391000 1.115156
396000 0.977777
401000 1.023865
406000 0.978162
411000 1.064703
416000 1.018665
421000 1.117284
426000 1.358296
431000 1.192947
436000 1.054105
441000 1.108325
446000 1.090520
451000 1.379884
456000 1.095873
461000 1.104484
466000 1.708274
471000 1.292126
476000 1.173770
481000 1.280848
486000 1.275780
491000 1.532142
496000 1.234324
501000 1.444153
506000 1.330101
511000 1.459719
516000 1.327222
521000 1.214896
526000 1.424672
531000 1.522780
536000 1.380070
541000 1.904252
546000 1.333233
551000 1.408112
556000 1.369260
561000 1.553010
566000 2.082110
571000 1.548335
576000 1.483725
581000 1.411242
586000 1.546038
591000 1.612374
596000 1.430063
601000 1.403017
606000 1.612580
611000 1.495305
616000 2.379165
621000 1.470111
626000 1.570631
631000 2.023110
636000 1.542633
641000 1.461861
646000 1.867110
651000 1.471717
656000 1.482278
661000 1.652747
666000 1.550563
671000 1.493490
676000 1.646557
681000 1.550109
686000 1.674724
691000 1.550914
696000 1.583678
701000 1.795230
706000 1.753154
711000 1.587781
716000 1.603655
721000 1.987716
726000 1.667460
731000 1.767035
736000 1.842018
741000 1.824417
746000 1.818969
751000 1.692329
756000 1.703949
761000 1.968085
766000 1.645211
771000 2.083949
776000 1.798089
781000 1.756852
786000 1.920389
791000 1.791511
796000 2.082775
801000 2.011143
806000 2.044325
811000 1.975008
816000 2.785297
821000 2.239962
826000 2.017724
831000 2.255759
836000 2.267123
841000 2.274140
846000 2.240094
851000 2.022034
856000 1.873635
861000 1.977513
866000 2.084350
871000 1.977906
876000 2.651448
881000 2.203460
886000 2.263236
891000 2.464386
896000 2.106742
901000 2.110241
906000 2.033231
911000 2.416925
916000 2.102679
921000 2.080415
926000 2.148912
931000 2.939503
936000 2.612773
941000 2.205638
946000 2.409407
951000 3.309879
956000 2.730618
961000 2.584184
966000 2.177994
971000 2.763847
976000 2.574159
981000 3.216815
